Last login: Tue Aug  6 12:18:26 on ttys000
h-MBP-sl-Gilad:~ GiladanoN$ ssh --help
ssh: illegal option -- -
usage: ssh [-46AaCfGgKkMNnqsTtVvXxYy] [-B bind_interface]
           [-b bind_address] [-c cipher_spec] [-D [bind_address:]port]
           [-E log_file] [-e escape_char] [-F configfile] [-I pkcs11]
           [-i identity_file] [-J [user@]host[:port]] [-L address]
           [-l login_name] [-m mac_spec] [-O ctl_cmd] [-o option] [-p port]
           [-Q query_option] [-R address] [-S ctl_path] [-W host:port]
           [-w local_tun[:remote_tun]] destination [command]
h-MBP-sl-Gilad:~ GiladanoN$ ssh -lcolman 193.106.55.89 -p 2289
colman@193.106.55.89's password: 
Welcome to Ubuntu 16.04.4 LTS (GNU/Linux 4.4.0-116-generic ppc64le)

 * Documentation:  https://help.ubuntu.com
 * Management:     https://landscape.canonical.com
 * Support:        https://ubuntu.com/advantage
New release '18.04.2 LTS' available.
Run 'do-release-upgrade' to upgrade to it.

Last login: Tue Aug  6 20:43:24 2019 from 193.106.54.32
colman@ubuntu:~$ dir
Anaconda-2.3.0-Linux-x86_64.sh	 P	   anaconda3  itay.c	   raz
Anaconda3-5.2.0-Linux-x86_64.sh  anaconda  gilad_gil  itay.c.save  work
colman@ubuntu:~$ top

top - 09:54:14 up 508 days, 22:36,  1 user,  load average: 0.00, 0.00, 0.00
Tasks: 1171 total,   1 running, 1170 sleeping,   0 stopped,   0 zombie
%Cpu(s):  0.0 us,  0.0 sy,  0.0 ni,100.0 id,  0.0 wa,  0.0 hi,  0.0 si,  0.0 st
KiB Mem : 13365260+total, 90203520 free,  1636672 used, 41812416 buff/cache
KiB Swap:  5577664 total,  5577664 free,        0 used. 12712684+avail Mem 

   PID USER      PR  NI    VIRT    RES    SHR S  %CPU %MEM     TIME+ COMMAND   

















colman@ubuntu:~$ cd gilad_gil/iEEEHighScore/
colman@ubuntu:~/gilad_gil/iEEEHighScore$ swipl rules.pl 
Welcome to SWI-Prolog (threaded, 64 bits, version 8.1.10-59-g09a7d55)
SWI-Prolog comes with ABSOLUTELY NO WARRANTY. This is free software.
Please run ?- license. for legal details.

    CMake built from "/home/colman/gilad_gil/swipl-devel/build"

For online help and background, visit http://www.swi-prolog.org
For built-in help, use ?- help(Topic). or ?- apropos(Word).

?- runMain_N3_p2(S,243).
S = [4, 256, 128, 1, 2, 8, 4, 16, 32|...].

?- set_prolog_flag(answer_write_options,[max_depth(0)]).
true.

?- runMain_N3_p2(S,243).
S = [4,256,128,1,2,8,4,16,32,1,2,8,4,64,16,1,2,8,128,32,4,1,2,64,128,8,4,1,16,256,2,8,4,1,512,16,2,8,4,128,256,1,16,2,32,64,4,8,1,256,32,2,4,8,512,64,1,2,4,256,512,8,1,2,32,64,128,4,1,16,32,64,8,2,128,16,32,1,8,256,64,2,4,16,128,1,512,2,4,32,16,128,8,64,1,32,512,2,16,8,64,256,1,128,2,32,512,4,64,1,16,256,2,512,4,64,16,8,32,256,2,64,1,512,16,8,32,4,256,64,1,128,16,32,256,2,4,64,128,512,1,8,16,256,128,2,64,8,512,32,4,1,16,256,512,32,2,8,128,256,512,1,4,32,128,256,2,64,512,16,32,4,128,64,8,16,256,4,128,2,512,8,16,256,32,128,4,8,512,16,256,64,1,32,128,512,8,64,4,256,128,16,512,32,64,8,256,128,512,4,32,64,256,16,512,128,8,32,256,1,512,2,128,64,16,1,512,32,128,256,64,4,512,16,128,2,32,64,512,256,1,128,16].

?- time(runMain_N3_p2(S,243)).
% 1,325 inferences, 0.014 CPU in 2.319 seconds (1% CPU, 96208 Lips)
S = [4,256,128,1,2,8,4,16,32,1,2,8,4,64,16,1,2,8,128,32,4,1,2,64,128,8,4,1,16,256,2,8,4,1,512,16,2,8,4,128,256,1,16,2,32,64,4,8,1,256,32,2,4,8,512,64,1,2,4,256,512,8,1,2,32,64,128,4,1,16,32,64,8,2,128,16,32,1,8,256,64,2,4,16,128,1,512,2,4,32,16,128,8,64,1,32,512,2,16,8,64,256,1,128,2,32,512,4,64,1,16,256,2,512,4,64,16,8,32,256,2,64,1,512,16,8,32,4,256,64,1,128,16,32,256,2,4,64,128,512,1,8,16,256,128,2,64,8,512,32,4,1,16,256,512,32,2,8,128,256,512,1,4,32,128,256,2,64,512,16,32,4,128,64,8,16,256,4,128,2,512,8,16,256,32,128,4,8,512,16,256,64,1,32,128,512,8,64,4,256,128,16,512,32,64,8,256,128,512,4,32,64,256,16,512,128,8,32,256,1,512,2,128,64,16,1,512,32,128,256,64,4,512,16,128,2,32,64,512,256,1,128,16].

?- time(runMain_N3(S,243)).
% 6,508 inferences, 0.088 CPU in 4.685 seconds (2% CPU, 73839 Lips)
S = [4,256,128,1,2,8,4,16,32,1,2,8,4,64,16,1,2,8,128,32,4,1,2,64,128,8,4,1,16,256,2,8,4,1,512,16,2,8,4,128,256,1,16,2,32,64,4,8,1,256,32,2,4,8,512,64,1,2,4,256,512,8,1,2,32,64,128,4,1,16,32,64,8,2,128,16,32,1,8,256,64,2,4,16,128,1,512,2,4,32,16,128,8,64,1,32,512,2,16,8,64,256,1,128,2,32,512,4,64,1,16,256,2,512,4,64,16,8,32,256,2,64,1,512,16,8,32,4,256,64,1,128,16,32,256,2,4,64,128,512,1,8,16,256,128,2,64,8,512,32,4,1,16,256,512,32,2,8,128,256,512,1,4,32,128,256,2,64,512,16,32,4,128,64,8,16,256,4,128,2,512,8,16,256,32,128,4,8,512,16,256,64,1,32,128,512,8,64,4,256,128,16,512,32,64,8,256,128,512,4,32,64,256,16,512,128,8,32,256,1,512,2,128,64,16,1,512,32,128,256,64,4,512,16,128,2,32,64,512,256,1,128,16].

?- time(runMain_N3(S,242)).
% 6,508 inferences, 0.077 CPU in 16.967 seconds (0% CPU, 84996 Lips)
S = [4,256,128,1,2,8,4,16,32,1,2,8,4,64,16,1,2,8,128,32,4,1,2,64,128,8,4,1,16,256,2,8,4,1,512,16,2,8,4,128,256,1,16,2,32,64,4,8,1,256,32,2,4,8,512,64,1,2,4,256,512,8,1,2,32,64,128,4,1,16,32,64,8,2,128,16,32,1,8,256,64,2,4,16,128,1,512,2,4,32,16,128,8,64,1,32,512,2,16,8,64,256,1,128,2,32,512,4,64,1,16,256,2,512,4,64,16,8,32,256,2,64,1,512,16,8,32,4,256,64,1,128,16,32,256,2,4,64,128,512,1,8,16,256,128,2,64,8,512,32,4,1,16,256,512,32,2,8,128,256,512,1,4,32,128,256,2,64,512,16,32,4,128,64,8,16,256,4,128,2,512,8,16,256,32,128,4,8,512,16,256,64,1,32,128,512,8,64,4,256,128,16,512,32,64,8,256,128,512,4,32,64,256,16,512,128,8,32,256,1,512,2,128,64,16,1,512,32,128,256,64,4,512,16,128,2,32,64,512,256,1,4].

?- time(runMain_N3(S,241)).
% 6,508 inferences, 0.080 CPU in 17.472 seconds (0% CPU, 81478 Lips)
S = [4,256,128,1,2,8,4,16,32,1,2,8,4,64,16,1,2,8,128,32,4,1,2,64,128,8,4,1,16,256,2,8,4,1,512,16,2,8,4,128,256,1,16,2,32,64,4,8,1,256,32,2,4,8,512,64,1,2,4,256,512,8,1,2,32,64,128,4,1,16,32,64,8,2,128,16,32,1,8,256,64,2,4,16,128,1,512,2,4,32,16,128,8,64,1,32,512,2,16,8,64,256,1,128,2,32,512,4,64,1,16,256,2,512,4,64,16,8,32,256,2,64,1,512,16,8,32,4,256,64,1,128,16,32,256,2,4,64,128,512,1,8,16,256,128,2,64,8,512,32,4,1,16,256,512,32,2,8,128,256,512,1,4,32,128,256,2,64,512,16,32,4,128,64,8,16,256,4,128,2,512,8,16,256,32,128,4,8,512,16,256,64,1,32,128,512,8,64,4,256,128,16,512,32,64,8,256,128,512,4,32,64,256,16,512,128,8,32,256,1,512,2,128,64,16,1,512,32,128,256,64,4,512,16,128,2,32,64,512,256,1].

?- packet_write_wait: Connection to 193.106.55.89 port 2289: Broken pipe
h-MBP-sl-Gilad:~ GiladanoN$ ssh -lcolman 193.106.55.89 -p 2289
colman@193.106.55.89's password: 
Permission denied, please try again.
colman@193.106.55.89's password: 
Welcome to Ubuntu 16.04.4 LTS (GNU/Linux 4.4.0-116-generic ppc64le)

 * Documentation:  https://help.ubuntu.com
 * Management:     https://landscape.canonical.com
 * Support:        https://ubuntu.com/advantage
Last login: Wed Aug  7 09:55:22 2019 from 213.57.185.155
colman@ubuntu:~$ cd gilad_gil/iEEEHighScore/
colman@ubuntu:~/gilad_gil/iEEEHighScore$ swipl rules.pl 
Welcome to SWI-Prolog (threaded, 64 bits, version 8.1.10-59-g09a7d55)
SWI-Prolog comes with ABSOLUTELY NO WARRANTY. This is free software.
Please run ?- license. for legal details.

    CMake built from "/home/colman/gilad_gil/swipl-devel/build"

For online help and background, visit http://www.swi-prolog.org
For built-in help, use ?- help(Topic). or ?- apropos(Word).

?- testExGoodSeq([4,256,128,1,2,8,4,16,32,1,2,8,4,64,16,1,2,8,128,32,4,1,2,64,128,8,4,1,16,256,2,8,4,1,512,16,2,8,4,128,256,1,16,2,32,64,4,8,1,256,32,2,4,8,512,64,1,2,4,256,512,8,1,2,32,64,128,4,1,16,32,64,8,2,128,16,32,1,8,256,64,2,4,16,128,1,512,2,4,32,16,128,8,64,1,32,512,2,16,8,64,256,1,128,2,32,512,4,64,1,16,256,2,512,4,64,16,8,32,256,2,64,1,512,16,8,32,4,256,64,1,128,16,32,256,2,4,64,128,512,1,8,16,256,128,2,64,8,512,32,4,1,16,256,512,32,2,8,128,256,512,1,4,32,128,256,2,64,512,16,32,4,128,64,8,16,256,4,128,2,512,8,16,256,32,128,4,8,512,16,256,64,1,32,128,512,8,64,4,256,128,16,512,32,64,8,256,128,512,4,32,64,256,16,512,128,8,32,256,1,512,2,128,64,16,1,512,32,128,256,64,4,512,16,128,2,32,64,512,256,1],241). 
true ;
false.

?- testExGoodSeq([4,256,128,1,2,8,4,16,32,1,2,8,4,64,16,1,2,8,128,32,4,1,2,64,128,8,4,1,16,256,2,8,4,1,512,16,2,8,4,128,256,1,16,2,32,64,4,8,1,256,32,2,4,8,512,64,1,2,4,256,512,8,1,2,32,64,128,4,1,16,32,64,8,2,128,16,32,1,8,256,64,2,4,16,128,1,512,2,4,32,16,128,8,64,1,32,512,2,16,8,64,256,1,128,2,32,512,4,64,1,16,256,2,512,4,64,16,8,32,256,2,64,1,512,16,8,32,4,256,64,1,128,16,32,256,2,4,64,128,512,1,8,16,256,128,2,64,8,512,32,4,1,16,256,512,32,2,8,128,256,512,1,4,32,128,256,2,64,512,16,32,4,128,64,8,16,256,4,128,2,512,8,16,256,32,128,4,8,512,16,256,64,1,32,128,512,8,64,4,256,128,16,512,32,64,8,256,128,512,4,32,64,256,16,512,128,8,32,256,1,512,2,128,64,16,1,512,32,128,256,64,4,512,16,128,2,32,64,512,256,1|R],241).
R = [] ;
false.

?- testExGoodSeq([4,256,128,1,2,8,4,16,32,1,2,8,4,64,16,1,2,8,128,32,4,1,2,64,128,8,4,1,16,256,2,8,4,1,512,16,2,8,4,128,256,1,16,2,32,64,4,8,1,256,32,2,4,8,512,64,1,2,4,256,512,8,1,2,32,64,128,4,1,16,32,64,8,2,128,16,32,1,8,256,64,2,4,16,128,1,512,2,4,32,16,128,8,64,1,32,512,2,16,8,64,256,1,128,2,32,512,4,64,1,16,256,2,512,4,64,16,8,32,256,2,64,1,512,16,8,32,4,256,64,1,128,16,32,256,2,4,64,128,512,1,8,16,256,128,2,64,8,512,32,4,1,16,256,512,32,2,8,128,256,512,1,4,32,128,256,2,64,512,16,32,4,128,64,8,16,256,4,128,2,512,8,16,256,32,128,4,8,512,16,256,64,1,32,128,512,8,64,4,256,128,16,512,32,64,8,256,128,512,4,32,64,256,16,512,128,8,32,256,1,512,2,128,64,16,1,512,32,128,256,64,4,512,16,128,2,32,64,512,256,1|R],243).
R = [128, 16] ;
false.

?- testExGoodSeq([4,256,128,1,2,8,4,16,32,1,2,8,4,64,16,1,2,8,128,32,4,1,2,64,128,8,4,1,16,256,2,8,4,1,512,16,2,8,4,128,256,1,16,2,32,64,4,8,1,256,32,2,4,8,512,64,1,2,4,256,512,8,1,2,32,64,128,4,1,16,32,64,8,2,128,16,32,1,8,256,64,2,4,16,128,1,512,2,4,32,16,128,8,64,1,32,512,2,16,8,64,256,1,128,2,32,512,4,64,1,16,256,2,512,4,64,16,8,32,256,2,64,1,512,16,8,32,4,256,64,1,128,16,32,256,2,4,64,128,512,1,8,16,256,128,2,64,8,512,32,4,1,16,256,512,32,2,8,128,256,512,1,4,32,128,256,2,64,512,16,32,4,128,64,8,16,256,4,128,2,512,8,16,256,32,128,4,8,512,16,256,64,1,32,128,512,8,64,4,256,128,16,512,32,64,8,256,128,512,4,32,64,256,16,512,128,8,32,256,1,512,2,128,64,16,1,512,32,128,256,64,4,512,16,128,2,32,64,512,256,1|R],244).
false.

?- testExGoodSeq([4,256,128,1,2,8,4,16,32,1,2,8,4,64,16,1,2,8,128,32,4,1,2,64,128,8,4,1,16,256,2,8,4,1,512,16,2,8,4,128,256,1,16,2,32,64,4,8,1,256,32,2,4,8,512,64,1,2,4,256,512,8,1,2,32,64,128,4,1,16,32,64,8,2,128,16,32,1,8,256,64,2,4,16,128,1,512,2,4,32,16,128,8,64,1,32,512,2,16,8,64,256,1,128,2,32,512,4,64,1,16,256,2,512,4,64,16,8,32,256,2,64,1,512,16,8,32,4,256,64,1,128,16,32,256,2,4,64,128,512,1,8,16,256,128,2,64,8,512,32,4,1,16,256,512,32,2,8,128,256,512,1,4,32,128,256,2,64,512,16,32,4,128,64,8,16,256,4,128,2,512,8,16,256,32,128,4,8,512,16,256,64,1,32,128,512,8,64,4,256,128,16,512,32,64,8,256,128,512,4,32,64,256,16,512,128,8,32,256,1,512,2,128,64,16,1,512,32,128,256,64,4,512,16,128,2,32,64,512,256|R],243). 
R = [1, 128, 16] .

?- testExGoodSeq([4,256,128,1,2,8,4,16,32,1,2,8,4,64,16,1,2,8,128,32,4,1,2,64,128,8,4,1,16,256,2,8,4,1,512,16,2,8,4,128,256,1,16,2,32,64,4,8,1,256,32,2,4,8,512,64,1,2,4,256,512,8,1,2,32,64,128,4,1,16,32,64,8,2,128,16,32,1,8,256,64,2,4,16,128,1,512,2,4,32,16,128,8,64,1,32,512,2,16,8,64,256,1,128,2,32,512,4,64,1,16,256,2,512,4,64,16,8,32,256,2,64,1,512,16,8,32,4,256,64,1,128,16,32,256,2,4,64,128,512,1,8,16,256,128,2,64,8,512,32,4,1,16,256,512,32,2,8,128,256,512,1,4,32,128,256,2,64,512,16,32,4,128,64,8,16,256,4,128,2,512,8,16,256,32,128,4,8,512,16,256,64,1,32,128,512,8,64,4,256,128,16,512,32,64,8,256,128,512,4,32,64,256,16,512,128,8,32,256,1,512,2,128,64,16,1,512,32,128,256,64,4,512,16,128,2,32,64,512,256|R],244). 
false.

?- testExGoodSeq([4,256,128,1,2,8,4,16,32,1,2,8,4,64,16,1,2,8,128,32,4,1,2,64,128,8,4,1,16,256,2,8,4,1,512,16,2,8,4,128,256,1,16,2,32,64,4,8,1,256,32,2,4,8,512,64,1,2,4,256,512,8,1,2,32,64,128,4,1,16,32,64,8,2,128,16,32,1,8,256,64,2,4,16,128,1,512,2,4,32,16,128,8,64,1,32,512,2,16,8,64,256,1,128,2,32,512,4,64,1,16,256,2,512,4,64,16,8,32,256,2,64,1,512,16,8,32,4,256,64,1,128,16,32,256,2,4,64,128,512,1,8,16,256,128,2,64,8,512,32,4,1,16,256,512,32,2,8,128,256,512,1,4,32,128,256,2,64,512,16,32,4,128,64,8,16,256,4,128,2,512,8,16,256,32,128,4,8,512,16,256,64,1,32,128,512,8,64,4,256,128,16,512,32,64,8,256,128,512,4,32,64,256,16,512,128,8,32,256,1,512,2,128,64,16,1,512,32,128,256,64,4,512,16,128,2,32,64,512|R],244). 
false.

?- testExGoodSeq([4,256,128,1,2,8,4,16,32,1,2,8,4,64,16,1,2,8,128,32,4,1,2,64,128,8,4,1,16,256,2,8,4,1,512,16,2,8,4,128,256,1,16,2,32,64,4,8,1,256,32,2,4,8,512,64,1,2,4,256,512,8,1,2,32,64,128,4,1,16,32,64,8,2,128,16,32,1,8,256,64,2,4,16,128,1,512,2,4,32,16,128,8,64,1,32,512,2,16,8,64,256,1,128,2,32,512,4,64,1,16,256,2,512,4,64,16,8,32,256,2,64,1,512,16,8,32,4,256,64,1,128,16,32,256,2,4,64,128,512,1,8,16,256,128,2,64,8,512,32,4,1,16,256,512,32,2,8,128,256,512,1,4,32,128,256,2,64,512,16,32,4,128,64,8,16,256,4,128,2,512,8,16,256,32,128,4,8,512,16,256,64,1,32,128,512,8,64,4,256,128,16,512,32,64,8,256,128,512,4,32,64,256,16,512,128,8,32,256,1,512,2,128,64,16,1,512,32,128,256,64,4,512,16,128,2,32,64|R],244).
false.

?- testExGoodSeq([4,256,128,1,2,8,4,16,32,1,2,8,4,64,16,1,2,8,128,32,4,1,2,64,128,8,4,1,16,256,2,8,4,1,512,16,2,8,4,128,256,1,16,2,32,64,4,8,1,256,32,2,4,8,512,64,1,2,4,256,512,8,1,2,32,64,128,4,1,16,32,64,8,2,128,16,32,1,8,256,64,2,4,16,128,1,512,2,4,32,16,128,8,64,1,32,512,2,16,8,64,256,1,128,2,32,512,4,64,1,16,256,2,512,4,64,16,8,32,256,2,64,1,512,16,8,32,4,256,64,1,128,16,32,256,2,4,64,128,512,1,8,16,256,128,2,64,8,512,32,4,1,16,256,512,32,2,8,128,256,512,1,4,32,128,256,2,64,512,16,32,4,128,64,8,16,256,4,128,2,512,8,16,256,32,128,4,8,512,16,256,64,1,32,128,512,8,64,4,256,128,16,512,32,64,8,256,128,512,4,32,64,256,16,512,128,8,32,256,1,512,2,128,64,16,1,512,32,128,256,64,4,512,16,128|R],244).
false.

?- testExGoodSeq([4,256,128,1,2,8,4,16,32,1,2,8,4,64,16,1,2,8,128,32,4,1,2,64,128,8,4,1,16,256,2,8,4,1,512,16,2,8,4,128,256,1,16,2,32,64,4,8,1,256,32,2,4,8,512,64,1,2,4,256,512,8,1,2,32,64,128,4,1,16,32,64,8,2,128,16,32,1,8,256,64,2,4,16,128,1,512,2,4,32,16,128,8,64,1,32,512,2,16,8,64,256,1,128,2,32,512,4,64,1,16,256,2,512,4,64,16,8,32,256,2,64,1,512,16,8,32,4,256,64,1,128,16,32,256,2,4,64,128,512,1,8,16,256,128,2,64,8,512,32,4,1,16,256,512,32,2,8,128,256,512,1,4,32,128,256,2,64,512,16,32,4,128,64,8,16,256,4,128,2,512,8,16,256,32,128,4,8,512,16,256,64,1,32,128,512,8,64,4,256,128,16,512,32,64,8,256,128,512,4,32,64,256,16,512,128,8,32,256,1,512,2,128,64,16,1,512,32,128|R],244).
false.

?- testExGoodSeq([4,256,128,1,2,8,4,16,32,1,2,8,4,64,16,1,2,8,128,32,4,1,2,64,128,8,4,1,16,256,2,8,4,1,512,16,2,8,4,128,256,1,16,2,32,64,4,8,1,256,32,2,4,8,512,64,1,2,4,256,512,8,1,2,32,64,128,4,1,16,32,64,8,2,128,16,32,1,8,256,64,2,4,16,128,1,512,2,4,32,16,128,8,64,1,32,512,2,16,8,64,256,1,128,2,32,512,4,64,1,16,256,2,512,4,64,16,8,32,256,2,64,1,512,16,8,32,4,256,64,1,128,16,32,256,2,4,64,128,512,1,8,16,256,128,2,64,8,512,32,4,1,16,256,512,32,2,8,128,256,512,1,4,32,128,256,2,64,512,16,32,4,128,64,8,16,256,4,128,2,512,8,16,256,32,128,4,8,512,16,256,64,1,32,128,512,8,64,4,256,128,16,512,32,64,8,256,128,512,4,32,64,256,16,512,128,8,32,256,1,512,2,128,64,16|R],244).
false.

?- testExGoodSeq([4,256,128,1,2,8,4,16,32,1,2,8,4,64,16,1,2,8,128,32,4,1,2,64,128,8,4,1,16,256,2,8,4,1,512,16,2,8,4,128,256,1,16,2,32,64,4,8,1,256,32,2,4,8,512,64,1,2,4,256,512,8,1,2,32,64,128,4,1,16,32,64,8,2,128,16,32,1,8,256,64,2,4,16,128,1,512,2,4,32,16,128,8,64,1,32,512,2,16,8,64,256,1,128,2,32,512,4,64,1,16,256,2,512,4,64,16,8,32,256,2,64,1,512,16,8,32,4,256,64,1,128,16,32,256,2,4,64,128,512,1,8,16,256,128,2,64,8,512,32,4,1,16,256,512,32,2,8,128,256,512,1,4,32,128,256,2,64,512,16,32,4,128,64,8,16,256,4,128,2,512,8,16,256,32,128,4,8,512,16,256,64,1,32,128,512,8,64,4,256,128,16,512,32,64,8,256,128,512,4,32,64,256,16,512,128,8,32,256,1,512,2|R],244).
false.

?- testExGoodSeq([4,256,128,1,2,8,4,16,32,1,2,8,4,64,16,1,2,8,128,32,4,1,2,64,128,8,4,1,16,256,2,8,4,1,512,16,2,8,4,128,256,1,16,2,32,64,4,8,1,256,32,2,4,8,512,64,1,2,4,256,512,8,1,2,32,64,128,4,1,16,32,64,8,2,128,16,32,1,8,256,64,2,4,16,128,1,512,2,4,32,16,128,8,64,1,32,512,2,16,8,64,256,1,128,2,32,512,4,64,1,16,256,2,512,4,64,16,8,32,256,2,64,1,512,16,8,32,4,256,64,1,128,16,32,256,2,4,64,128,512,1,8,16,256,128,2,64,8,512,32,4,1,16,256,512,32,2,8,128,256,512,1,4,32,128,256,2,64,512,16,32,4,128,64,8,16,256,4,128,2,512,8,16,256,32,128,4,8,512,16,256,64,1,32,128,512,8,64,4,256,128,16,512,32,64,8,256,128,512,4,32,64,256,16,512,128|R],244).
false.

?- testExGoodSeq([4,256,128,1,2,8,4,16,32,1,2,8,4,64,16,1,2,8,128,32,4,1,2,64,128,8,4,1,16,256,2,8,4,1,512,16,2,8,4,128,256,1,16,2,32,64,4,8,1,256,32,2,4,8,512,64,1,2,4,256,512,8,1,2,32,64,128,4,1,16,32,64,8,2,128,16,32,1,8,256,64,2,4,16,128,1,512,2,4,32,16,128,8,64,1,32,512,2,16,8,64,256,1,128,2,32,512,4,64,1,16,256,2,512,4,64,16,8,32,256,2,64,1,512,16,8,32,4,256,64,1,128,16,32,256,2,4,64,128,512,1,8,16,256,128,2,64,8,512,32,4,1,16,256,512,32,2,8,128,256,512,1,4,32,128,256,2,64,512,16,32,4,128,64,8,16,256,4,128,2,512,8,16,256,32,128,4,8,512,16,256,64,1,32,128,512,8,64,4,256,128,16,512,32,64,8,256,128,512,4,32,64,256,16,512,128|R],243).
R = [8, 32, 256, 1, 512, 2, 128, 64, 16|...] [write]
R = [8, 32, 256, 1, 512, 2, 128, 64, 16, 1, 512, 32, 128, 256, 64, 4, 512, 16, 128, 2, 32, 64, 512, 256, 1, 128, 16] ;
false.

?- testExGoodSeq([4,256,128,1,2,8,4,16,32,1,2,8,4,64,16,1,2,8,128,32,4,1,2,64,128,8,4,1,16,256,2,8,4,1,512,16,2,8,4,128,256,1,16,2,32,64,4,8,1,256,32,2,4,8,512,64,1,2,4,256,512,8,1,2,32,64,128,4,1,16,32,64,8,2,128,16,32,1,8,256,64,2,4,16,128,1,512,2,4,32,16,128,8,64,1,32,512,2,16,8,64,256,1,128,2,32,512,4,64,1,16,256,2,512,4,64,16,8,32,256,2,64,1,512,16,8,32,4,256,64,1,128,16,32,256,2,4,64,128,512,1,8,16,256,128,2,64,8,512,32,4,1,16,256,512,32,2,8,128,256,512,1,4,32,128,256,2,64,512,16,32,4,128,64,8,16,256,4,128,2,512,8,16,256,32,128,4,8,512,16,256,64,1,32,128,512,8,64,4,256,128,16,512,32,64,8,256,128|R],244). 
false.

?- testExGoodSeq([4,256,128,1,2,8,4,16,32,1,2,8,4,64,16,1,2,8,128,32,4,1,2,64,128,8,4,1,16,256,2,8,4,1,512,16,2,8,4,128,256,1,16,2,32,64,4,8,1,256,32,2,4,8,512,64,1,2,4,256,512,8,1,2,32,64,128,4,1,16,32,64,8,2,128,16,32,1,8,256,64,2,4,16,128,1,512,2,4,32,16,128,8,64,1,32,512,2,16,8,64,256,1,128,2,32,512,4,64,1,16,256,2,512,4,64,16,8,32,256,2,64,1,512,16,8,32,4,256,64,1,128,16,32,256,2,4,64,128,512,1,8,16,256,128,2,64,8,512,32,4,1,16,256,512,32,2,8,128,256,512,1,4,32,128,256,2,64,512,16,32,4,128,64,8,16,256,4,128,2,512,8,16,256,32,128,4,8,512,16,256,64,1,32,128,512,8,64,4,256,128|R],244).
false.

?- testExGoodSeq([4,256,128,1,2,8,4,16,32,1,2,8,4,64,16,1,2,8,128,32,4,1,2,64,128,8,4,1,16,256,2,8,4,1,512,16,2,8,4,128,256,1,16,2,32,64,4,8,1,256,32,2,4,8,512,64,1,2,4,256,512,8,1,2,32,64,128,4,1,16,32,64,8,2,128,16,32,1,8,256,64,2,4,16,128,1,512,2,4,32,16,128,8,64,1,32,512,2,16,8,64,256,1,128,2,32,512,4,64,1,16,256,2,512,4,64,16,8,32,256,2,64,1,512,16,8,32,4,256,64,1,128,16,32,256,2,4,64,128,512,1,8,16,256,128,2,64,8,512,32,4,1,16,256,512,32,2,8,128,256,512,1,4,32,128,256,2,64,512,16,32,4,128,64,8,16,256,4,128,2,512,8,16,256,32,128,4,8,512,16,256,64,1,32,128|R],244).
false.

?- testExGoodSeq([4,256,128,1,2,8,4,16,32,1,2,8,4,64,16,1,2,8,128,32,4,1,2,64,128,8,4,1,16,256,2,8,4,1,512,16,2,8,4,128,256,1,16,2,32,64,4,8,1,256,32,2,4,8,512,64,1,2,4,256,512,8,1,2,32,64,128,4,1,16,32,64,8,2,128,16,32,1,8,256,64,2,4,16,128,1,512,2,4,32,16,128,8,64,1,32,512,2,16,8,64,256,1,128,2,32,512,4,64,1,16,256,2,512,4,64,16,8,32,256,2,64,1,512,16,8,32,4,256,64,1,128,16,32,256,2,4,64,128,512,1,8,16,256,128,2,64,8,512,32,4,1,16,256,512,32,2,8,128,256,512,1,4,32,128,256,2,64,512,16,32,4,128,64,8,16,256,4,128,2,512,8,16,256,32,128|R],244). 
R = [4, 8, 512, 16, 256, 64, 4, 128, 8, 512, 256, 32, 64, 128, 16, 512, 4, 256, 32, 64, 16, 512, 8, 128, 32, 64, 256, 1, 512, 128, 16, 32, 2, 64, 256, 512, 8, 1, 32, 128, 256, 512, 16, 64, 1, 128, 2, 512, 256, 32, 4, 128, 64, 512, 256, 8, 4, 32] ;
R = [4, 8, 512, 16, 256, 64, 32, 2, 512, 128, 16, 64, 32, 256, 4, 512, 16, 64, 128, 1, 2, 512, 256, 32, 128, 4, 64, 512, 256, 1, 8, 32, 128, 512, 256, 1, 64, 32, 16, 512, 8, 128, 64, 32, 256, 512, 8, 4, 128, 64, 256, 16, 512, 1, 128, 32, 64, 256] 
Unknown action: ? (h for help)
Action? 
Unknown action: ? (h for help)
Action? 
Unknown action: ? (h for help)
Action? 
Unknown action: ? (h for help)
Action? 
Unknown action: ? (h for help)
Action? 
Unknown action: ? (h for help)
Action? .

?- testExGoodSeq([4,256,128,1,2,8,4,16,32,1,2,8,4,64,16,1,2,8,128,32,4,1,2,64,128,8,4,1,16,256,2,8,4,1,512,16,2,8,4,128,256,1,16,2,32,64,4,8,1,256,32,2,4,8,512,64,1,2,4,256,512,8,1,2,32,64,128,4,1,16,32,64,8,2,128,16,32,1,8,256,64,2,4,16,128,1,512,2,4,32,16,128,8,64,1,32,512,2,16,8,64,256,1,128,2,32,512,4,64,1,16,256,2,512,4,64,16,8,32,256,2,64,1,512,16,8,32,4,256,64,1,128,16,32,256,2,4,64,128,512,1,8,16,256,128,2,64,8,512,32,4,1,16,256,512,32,2,8,128,256,512,1,4,32,128,256,2,64,512,16,32,4,128,64,8,16,256,4,128,2,512,8,16,256,32,128, 4,8,512,16,256,64 |R],244).
R = [4, 128, 8, 512, 256, 32, 64, 128, 16, 512, 4, 256, 32, 64, 16, 512, 8, 128, 32, 64, 256, 1, 512, 128, 16, 32, 2, 64, 256, 512, 8, 1, 32, 128, 256, 512, 16, 64, 1, 128, 2, 512, 256, 32, 4, 128, 64, 512, 256, 8, 4, 32] ;
R = [32, 2, 512, 128, 16, 64, 32, 256, 4, 512, 16, 64, 128, 1, 2, 512, 256, 32, 128, 4, 64, 512, 256, 1, 8, 32, 128, 512, 256, 1, 64, 32, 16, 512, 8, 128, 64, 32, 256, 512, 8, 4, 128, 64, 256, 16, 512, 1, 128, 32, 64, 256] ;
R = [32, 2, 512, 128, 16, 64, 32, 256, 4, 512, 16, 64, 128, 1, 2, 512, 256, 32, 128, 4, 64, 512, 256, 1, 128, 32, 8, 512, 256, 1, 64, 32, 16, 512, 8, 128, 64, 32, 256, 512, 8, 4, 128, 64, 256, 16, 512, 1, 128, 32, 64, 256] ;
R = [32, 4, 128, 512, 256, 16, 1, 64, 32, 512, 256, 4, 16, 64, 128, 512, 256, 32, 8, 1, 128, 512, 2, 64, 32, 256, 16, 128, 512, 8, 64, 256, 32, 128, 1, 512, 64, 256, 4, 128, 8, 512, 64, 32, 16, 128, 2, 512, 256, 32, 4, 8] ;
R = [32, 4, 512, 128, 256, 16, 32, 64, 2, 128, 512, 16, 4, 64, 256, 128, 32, 8, 512, 16, 64, 128, 1, 2, 512, 256, 32, 64, 1, 16, 512, 256, 128, 8, 4, 64, 512, 256, 1, 128, 32, 64, 512, 256, 8, 1, 32, 128, 512, 16, 2, 256] ;
R = [32, 4, 512, 128, 256, 16, 32, 64, 2, 128, 512, 16, 4, 64, 256, 128, 32, 8, 512, 16, 64, 128, 1, 2, 512, 256, 32, 64, 1, 16, 512, 256, 128, 8, 4, 64, 512, 256, 1, 128, 32, 64, 512, 256, 8, 1, 32, 128, 512, 16, 64, 256] ;
R = [32, 4, 512, 128, 256, 16, 64, 32, 2, 128, 512, 16, 4, 64, 256, 128, 32, 8, 512, 16, 64, 128, 1, 2, 512, 256, 32, 64, 1, 16, 512, 256, 128, 8, 4, 64, 512, 256, 1, 128, 32, 64, 512, 256, 8, 1, 32, 128, 512, 16, 64, 2] ;
R = [32, 4, 512, 128, 256, 16, 64, 32, 2, 128, 512, 16, 4, 64, 256, 128, 32, 8, 512, 16, 64, 128, 1, 2, 512, 256, 32, 64, 1, 16, 512, 256, 128, 8, 4, 64, 512, 256, 1, 128, 32, 64, 512, 256, 8, 1, 32, 128, 512, 16, 256, 2] ;
R = [32, 4, 512, 128, 256, 16, 64, 32, 2, 128, 512, 16, 4, 64, 256, 128, 32, 8, 512, 64, 256, 1, 128, 32, 512, 16, 64, 1, 128, 2, 512, 256, 32, 1, 8, 128, 512, 4, 256, 64, 8, 128, 512, 16, 256, 1, 64, 32, 512, 128, 256, 16] ;
R = [32, 4, 512, 128, 256, 64, 32, 1, 16, 512, 128, 256, 8, 4, 64, 512, 128, 16, 2, 32, 64, 256, 512, 8, 128, 32, 1, 256, 512, 64, 16, 128, 32, 256, 512, 2, 1, 128, 64, 16, 512, 8, 32, 128, 64, 256, 4, 16, 512, 128, 2, 256] ;
R = [32, 128, 1, 512, 16, 256, 64, 128, 4, 8, 512, 256, 32, 64, 128, 8, 512, 16, 32, 64, 1, 256, 512, 8, 32, 128, 1, 256, 512, 64, 4, 128, 32, 256, 512, 2, 1, 128, 64, 16, 512, 4, 256, 32, 64, 16, 2, 128, 512, 32, 64, 16] ;
R = [32, 128, 1, 512, 16, 256, 64, 128, 4, 8, 512, 256, 32, 64, 128, 8, 512, 16, 32, 64, 1, 256, 512, 128, 32, 8, 1, 256, 512, 64, 4, 128, 32, 256, 512, 2, 1, 128, 64, 16, 512, 4, 256, 32, 64, 16, 2, 128, 512, 32, 64, 16] ;
R = [32, 128, 4, 512, 256, 8, 32, 128, 1, 512, 256, 64, 8, 128, 32, 512, 16, 1, 64, 128, 2, 512, 32, 256, 4, 64, 16, 128, 512, 256, 4, 64, 8, 128, 512, 16, 256, 1, 64, 32, 512, 128, 16, 2, 64, 32, 256, 512, 128, 16, 2, 4] ;
R = [32, 128, 4, 512, 256, 8, 32, 128, 1, 512, 256, 64, 8, 128, 32, 512, 16, 1, 64, 128, 2, 512, 32, 256, 4, 64, 16, 128, 512, 256, 32, 64, 2, 16, 128, 512, 32, 64, 1, 256, 16, 512, 128, 8, 64, 4, 256, 512, 16, 128, 2, 4] ;
R = [32, 128, 4, 512, 256, 8, 32, 128, 1, 512, 256, 64, 8, 128, 32, 512, 16, 1, 64, 128, 2, 512, 32, 256, 4, 64, 16, 128, 512, 256, 32, 64, 2, 16, 128, 512, 32, 64, 1, 256, 16, 512, 128, 8, 64, 4, 256, 512, 128, 16, 2, 4] ;
R = [32, 128, 4, 512, 256, 8, 32, 128, 1, 512, 256, 64, 8, 128, 32, 512, 16, 1, 64, 128, 2, 512, 32, 256, 4, 64, 16, 128, 512, 256, 32, 64, 2, 16, 128, 512, 256, 4, 64, 8, 128, 512, 16, 256, 1, 64, 32, 128, 512, 16, 2, 4] ;
R = [32, 128, 4, 512, 256, 8, 32, 128, 1, 512, 256, 64, 8, 128, 32, 512, 16, 1, 64, 128, 2, 512, 32, 256, 4, 64, 16, 128, 512, 256, 32, 64, 2, 16, 128, 512, 256, 4, 64, 8, 128, 512, 16, 256, 1, 64, 32, 512, 128, 16, 2, 4] ;
R = [32, 128, 4, 512, 256, 16, 64, 1, 32, 512, 128, 16, 64, 4, 256, 32, 512, 16, 128, 2, 64, 32, 512, 256, 8, 128, 4, 64, 512, 256, 1, 128, 32, 8, 512, 16, 64, 128, 1, 2, 512, 256, 32, 128, 64, 8, 512, 256, 1, 32, 64, 128] ;
R = [32, 128, 4, 512, 256, 64, 1, 32, 16, 512, 128, 2, 64, 32, 16, 256, 4, 512, 128, 8, 1, 32, 256, 512, 128, 8, 64, 32, 256, 512, 2, 1, 128, 64, 16, 512, 256, 1, 128, 64, 32, 512, 256, 4, 8, 64, 128, 512, 16, 32, 8, 64] ;
R = [32, 128, 4, 512, 256, 64, 1, 32, 16, 512, 128, 64, 8, 4, 256, 512, 32, 64, 128, 1, 256, 512, 16, 64, 128, 1, 2, 512, 256, 32, 64, 8, 128, 512, 256, 32, 1, 8, 128, 512, 4, 256, 16, 32, 64, 2, 128, 512, 16, 4, 64, 256] ;
R = [32, 128, 4, 512, 256, 64, 1, 32, 16, 512, 128, 64, 8, 4, 256, 512, 32, 64, 128, 1, 256, 512, 16, 64, 128, 1, 2, 512, 256, 32, 64, 8, 128, 512, 256, 32, 1, 8, 128, 512, 4, 256, 16, 32, 64, 2, 128, 512, 16, 32, 8, 64] ;
R = [32, 128, 4, 512, 256, 64, 1, 32, 16, 512, 128, 64, 8, 4, 256, 512, 32, 64, 128, 1, 256, 512, 16, 64, 128, 1, 2, 512, 256, 32, 64, 8, 128, 512, 256, 32, 1, 8, 128, 512, 4, 256, 16, 64, 32, 2, 128, 512, 16, 256, 32, 4] ;
R = [32, 128, 4, 512, 256, 64, 1, 32, 16, 512, 128, 64, 8, 4, 256, 512, 32, 64, 128, 1, 256, 512, 16, 64, 128, 1, 2, 512, 256, 32, 64, 8, 128, 512, 256, 32, 1, 8, 128, 512, 4, 256, 16, 64, 32, 2, 128, 512, 256, 16, 32, 4] ;
R = [32, 128, 4, 512, 256, 64, 1, 32, 16, 512, 128, 64, 8, 4, 256, 512, 128, 16, 2, 64, 32, 256, 512, 128, 16, 64, 4, 256, 32, 512, 2, 128, 64, 1, 16, 512, 256, 128, 8, 32, 1, 512, 256, 128, 64, 8, 32, 512, 16, 128, 2, 4] ;
R = [32, 128, 4, 512, 256, 64, 1, 32, 16, 512, 128, 64, 8, 4, 256, 512, 128, 16, 2, 64, 32, 256, 512, 128, 16, 64, 4, 256, 32, 512, 2, 128, 64, 1, 16, 512, 256, 128, 8, 32, 1, 512, 256, 128, 64, 8, 32, 512, 256, 4, 16, 64] ;
R = [32, 128, 4, 512, 256, 64, 1, 32, 16, 512, 128, 64, 8, 4, 256, 512, 128, 16, 2, 64, 32, 256, 512, 128, 16, 64, 4, 256, 512, 32, 8, 64, 128, 256, 512, 1, 32, 8, 128, 256, 512, 16, 1, 64, 128, 2, 512, 32, 256, 4, 16, 64] ;
R = [32, 128, 4, 512, 256, 64, 1, 32, 16, 512, 128, 64, 8, 4, 256, 512, 128, 16, 64, 4, 256, 32, 512, 2, 128, 64, 1, 16, 512, 256, 128, 32, 1, 8, 512, 256, 64, 2, 32, 16, 128, 512, 8, 256, 32, 64, 128, 1, 512, 256, 2, 32] ;
R = [32, 128, 4, 512, 256, 64, 1, 32, 16, 512, 128, 64, 8, 4, 256, 512, 128, 16, 64, 4, 256, 32, 512, 2, 128, 64, 1, 16, 512, 256, 128, 32, 1, 8, 512, 256, 64, 2, 32, 16, 128, 512, 8, 256, 32, 64, 128, 512, 1, 256, 2, 32] ;
R = [32, 128, 4, 512, 256, 64, 1, 128, 32, 512, 16, 256, 4, 128, 64, 8, 512, 256, 1, 32, 64, 16, 512, 128, 8, 256, 32, 64, 512, 128, 2, 16, 32, 64, 256, 4, 512, 8, 128, 1, 32, 256, 512, 2, 128, 1, 64, 16, 512, 256, 128, 1] ;
R = [32, 128, 4, 512, 256, 64, 1, 128, 32, 512, 16, 256, 4, 128, 64, 8, 512, 256, 1, 32, 64, 16, 512, 128, 8, 256, 32, 64, 512, 128, 2, 16, 32, 64, 256, 4, 512, 8, 128, 1, 32, 256, 512, 2, 128, 1, 64, 16, 512, 256, 128, 2] ;
R = [32, 128, 8, 512, 256, 64, 1, 32, 16, 512, 128, 2, 64, 32, 16, 256, 4, 512, 128, 8, 1, 32, 256, 512, 128, 4, 64, 32, 256, 512, 2, 1, 128, 64, 16, 512, 256, 1, 128, 64, 32, 512, 256, 8, 4, 64, 128, 512, 16, 8, 32, 64] ;
R = [32, 128, 8, 512, 256, 64, 1, 32, 16, 512, 128, 2, 64, 32, 16, 256, 4, 512, 128, 8, 1, 32, 256, 512, 128, 4, 64, 32, 256, 512, 2, 1, 128, 64, 16, 512, 256, 1, 128, 64, 32, 512, 256, 8, 4, 64, 128, 512, 16, 32, 8, 64] ;
R = [32, 128, 8, 512, 256, 64, 1, 32, 16, 512, 128, 64, 4, 8, 256, 512, 32, 64, 128, 1, 256, 512, 16, 64, 128, 1, 2, 512, 256, 32, 64, 4, 128, 512, 256, 32, 1, 8, 128, 512, 4, 256, 16, 32, 64, 2, 128, 512, 16, 32, 8, 64] ;
R = [32, 128, 8, 512, 256, 64, 1, 32, 16, 512, 128, 64, 4, 8, 256, 512, 32, 64, 128, 1, 256, 512, 16, 64, 128, 1, 2, 512, 256, 32, 64, 4, 128, 512, 256, 32, 1, 8, 128, 512, 4, 256, 16, 64, 32, 2, 128, 512, 16, 64, 8, 32] ;
R = [32, 128, 8, 512, 256, 64, 1, 32, 16, 512, 128, 64, 4, 8, 256, 512, 32, 64, 128, 1, 256, 512, 16, 64, 128, 1, 2, 512, 256, 32, 64, 4, 128, 512, 256, 32, 1, 8, 128, 512, 4, 256, 16, 64, 32, 2, 128, 512, 16, 256, 32, 4] ;
R = [32, 128, 8, 512, 256, 64, 1, 32, 16, 512, 128, 64, 4, 8, 256, 512, 32, 64, 128, 1, 256, 512, 16, 64, 128, 1, 2, 512, 256, 32, 64, 4, 128, 512, 256, 32, 1, 8, 128, 512, 4, 256, 16, 64, 32, 2, 128, 512, 256, 16, 32, 4] ;
R = [32, 128, 8, 512, 256, 64, 1, 32, 16, 512, 128, 64, 8, 4, 256, 512, 128, 64, 16, 4, 256, 32, 512, 2, 128, 64, 1, 16, 512, 256, 128, 4, 32, 64, 512, 256, 128, 1, 32, 8, 512, 256, 64, 2, 32, 16, 128, 512, 256, 2, 1, 32] ;
R = [32, 128, 8, 512, 256, 64, 1, 32, 16, 512, 128, 64, 256, 4, 8, 512, 128, 64, 16, 4, 256, 32, 512, 2, 128, 64, 1, 16, 512, 256, 128, 4, 32, 64, 512, 256, 128, 1, 32, 8, 512, 256, 64, 2, 32, 16, 128, 512, 256, 2, 1, 32] ;
R = [32, 128, 8, 512, 256, 64, 32, 2, 16, 128, 512, 64, 8, 4, 256, 128, 512, 32, 64, 1, 256, 16, 512, 128, 8, 32, 1, 256, 512, 128, 64, 16, 4, 256, 32, 512, 2, 128, 64, 1, 16, 512, 32, 128, 64, 4, 256, 512, 16, 128, 2, 4] ;
R = [32, 128, 512, 4, 256, 16, 64, 32, 1, 512, 128, 256, 64, 8, 32, 512, 16, 128, 64, 4, 256, 32, 512, 2, 128, 64, 1, 16, 512, 256, 128, 32, 8, 1, 512, 256, 64, 32, 2, 16, 128, 512, 64, 256, 4, 8, 128, 512, 1, 2, 256, 32] ;
R = [32, 128, 512, 4, 256, 16, 64, 32, 1, 512, 128, 256, 64, 8, 32, 512, 16, 128, 64, 4, 256, 32, 512, 2, 128, 64, 1, 16, 512, 256, 128, 32, 8, 1, 512, 256, 64, 32, 2, 16, 128, 512, 256, 64, 4, 8, 128, 512, 1, 2, 256, 32] ;
R = [128, 4, 8, 512, 256, 32, 64, 128, 8, 512, 16, 32, 64, 1, 256, 512, 8, 32, 128, 1, 256, 512, 64, 4, 128, 32, 256, 512, 2, 1, 128, 64, 16, 512, 4, 256, 32, 64, 16, 128, 512, 2, 32, 64, 256, 16, 512, 1, 128, 32, 64, 256] ;
R = [128, 4, 8, 512, 256, 32, 64, 128, 8, 512, 16, 32, 64, 1, 256, 512, 128, 32, 8, 1, 256, 512, 64, 4, 128, 32, 256, 512, 2, 1, 128, 64, 16, 512, 4, 256, 32, 64, 16, 128, 512, 2, 32, 64, 256, 16, 512, 1, 128, 32, 64, 256] ;
R = [128, 4, 8, 512, 256, 32, 64, 128, 16, 512, 4, 256, 32, 64, 16, 2, 128, 512, 32, 64, 1, 16, 256, 512, 128, 32, 8, 1, 256, 512, 64, 4, 128, 32, 256, 512, 2, 1, 128, 64, 16, 512, 8, 32, 128, 64, 256, 1, 512, 32, 128, 16] ;
R = [128, 4, 8, 512, 256, 32, 128, 4, 64, 512, 256, 1, 128, 32, 8, 512, 16, 64, 128, 1, 2, 512, 256, 32, 64, 8, 128, 512, 256, 16, 1, 64, 32, 512, 128, 2, 16, 64, 32, 256, 4, 512, 16, 128, 64, 32, 256, 512, 16, 128, 2, 4] ;
R = [128, 4, 8, 512, 256, 32, 128, 4, 64, 512, 256, 1, 128, 32, 8, 512, 16, 64, 128, 1, 2, 512, 256, 32, 64, 128, 16, 512, 4, 256, 32, 64, 16, 2, 128, 512, 32, 64, 1, 16, 256, 512, 128, 8, 64, 32, 256, 512, 16, 128, 2, 4] ;
R = [128, 4, 8, 512, 256, 32, 128, 4, 64, 512, 256, 1, 128, 32, 8, 512, 16, 64, 128, 1, 2, 512, 256, 32, 128, 64, 16, 512, 4, 256, 32, 64, 16, 2, 128, 512, 32, 64, 1, 16, 256, 512, 128, 8, 64, 32, 256, 512, 16, 128, 2, 4] ;
R = [128, 4, 8, 512, 256, 32, 128, 4, 64, 512, 256, 1, 128, 32, 8, 512, 16, 64, 128, 1, 2, 512, 256, 32, 128, 64, 16, 512, 4, 256, 32, 64, 16, 2, 128, 512, 32, 64, 1, 16, 256, 512, 128, 8, 64, 32, 256, 512, 16, 128, 4, 2] ;
R = [128, 4, 8, 512, 256, 32, 128, 4, 64, 512, 256, 1, 128, 32, 8, 512, 16, 64, 128, 32, 256, 512, 2, 1, 128, 64, 16, 512, 4, 256, 32, 64, 16, 2, 128, 512, 32, 64, 1, 16, 256, 512, 128, 8, 64, 32, 256, 512, 16, 128, 2, 4] ;
R = [128, 4, 8, 512, 256, 32, 128, 4, 64, 512, 256, 1, 128, 32, 8, 512, 16, 64, 128, 32, 256, 512, 2, 1, 128, 64, 16, 512, 4, 256, 32, 64, 16, 2, 128, 512, 32, 64, 1, 16, 256, 512, 128, 8, 64, 32, 256, 512, 16, 128, 4, 2] ;
R = [128, 4, 8, 512, 256, 32, 128, 64, 16, 512, 8, 32, 128, 1, 256, 512, 64, 4, 128, 32, 256, 512, 2, 1, 128, 64, 16, 512, 4, 256, 32, 64, 16, 2, 128, 512, 32, 64, 1, 16, 256, 512, 128, 8, 64, 32, 256, 512, 16, 128, 2, 4] ;
R = [128, 4, 8, 512, 256, 32, 128, 64, 16, 512, 8, 32, 128, 1, 256, 512, 64, 4, 128, 32, 256, 512, 2, 1, 128, 64, 16, 512, 4, 256, 32, 64, 16, 2, 128, 512, 32, 64, 1, 16, 256, 512, 128, 8, 64, 32, 256, 512, 16, 128, 4, 2] ;
R = [128, 4, 8, 512, 256, 64, 2, 32, 16, 128, 512, 1, 64, 32, 256, 128, 16, 512, 8, 32, 64, 128, 256, 512, 1, 16, 64, 32, 256, 4, 512, 16, 64, 128, 2, 1, 512, 256, 32, 128, 4, 64, 512, 256, 1, 8, 32, 128, 512, 256, 2, 16] ;
R = [128, 4, 8, 512, 256, 64, 32, 16, 128, 2, 512, 64, 32, 256, 4, 16, 512, 64, 128, 32, 1, 256, 512, 64, 4, 128, 32, 256, 512, 2, 1, 128, 64, 16, 512, 8, 32, 128, 64, 256, 512, 1, 8, 32, 128, 256, 512, 16, 1, 64, 32, 256] ;
R = [128, 4, 8, 512, 256, 64, 32, 128, 1, 512, 16, 256, 64, 32, 2, 512, 128, 16, 64, 32, 256, 4, 512, 16, 64, 128, 1, 2, 512, 256, 32, 128, 4, 64, 512, 256, 1, 8, 32, 128, 512, 256, 1, 64, 32, 16, 512, 8, 128, 64, 32, 256] ;
R = [128, 4, 8, 512, 256, 64, 32, 128, 1, 512, 16, 256, 64, 32, 2, 512, 128, 16, 64, 32, 256, 4, 512, 16, 64, 128, 1, 2, 512, 256, 32, 128, 4, 64, 512, 256, 1, 8, 32, 128, 512, 256, 1, 64, 32, 16, 512, 8, 128, 64, 256, 32] ;
R = [128, 4, 8, 512, 256, 64, 32, 128, 1, 512, 16, 256, 64, 32, 2, 512, 128, 16, 64, 32, 256, 4, 512, 16, 64, 128, 1, 2, 512, 256, 32, 128, 4, 64, 512, 256, 1, 8, 32, 128, 512, 256, 1, 64, 32, 16, 512, 8, 128, 256, 64, 32] ;
R = [128, 4, 8, 512, 256, 64, 32, 128, 1, 512, 16, 256, 64, 32, 2, 512, 128, 16, 64, 32, 256, 4, 512, 16, 64, 128, 1, 2, 512, 256, 32, 128, 4, 64, 512, 256, 1, 128, 32, 8, 512, 256, 1, 64, 32, 16, 512, 8, 128, 64, 32, 256] ;
R = [128, 4, 8, 512, 256, 64, 32, 128, 1, 512, 16, 256, 64, 32, 2, 512, 128, 16, 64, 32, 256, 4, 512, 16, 64, 128, 1, 2, 512, 256, 32, 128, 4, 64, 512, 256, 1, 128, 32, 8, 512, 256, 1, 64, 32, 16, 512, 8, 128, 64, 256, 32] ;
R = [128, 4, 8, 512, 256, 64, 32, 128, 1, 512, 16, 256, 64, 32, 2, 512, 128, 16, 64, 32, 256, 4, 512, 16, 64, 128, 1, 2, 512, 256, 32, 128, 4, 64, 512, 256, 1, 128, 32, 8, 512, 256, 1, 64, 32, 16, 512, 8, 128, 256, 64, 32] ;
R = [128, 4, 32, 512, 256, 8, 64, 4, 128, 512, 16, 256, 1, 64, 32, 512, 128, 2, 16, 64, 32, 256, 128, 8, 512, 16, 32, 64, 256, 4, 512, 128, 8, 1, 32, 256, 512, 2, 128, 1, 64, 16, 512, 32, 128, 1, 256, 64, 512, 8, 128, 16] ;
R = [128, 4, 32, 512, 256, 8, 64, 4, 128, 512, 16, 256, 1, 64, 32, 512, 128, 2, 16, 64, 32, 256, 128, 8, 512, 16, 32, 64, 256, 4, 512, 128, 8, 1, 32, 256, 512, 2, 128, 1, 64, 16, 512, 32, 128, 1, 256, 64, 512, 8, 128, 32] ;
R = [128, 4, 32, 512, 256, 8, 64, 4, 128, 512, 256, 16, 32, 64, 128, 512, 256, 1, 32, 8, 128, 512, 16, 256, 1, 64, 32, 512, 128, 2, 16, 64, 32, 256, 4, 512, 16, 64, 128, 1, 2, 512, 256, 32, 128, 8, 64, 512, 16, 32, 1, 128] ;
R = [128, 4, 32, 512, 256, 8, 64, 4, 128, 512, 256, 16, 32, 64, 128, 512, 256, 1, 32, 8, 128, 512, 16, 256, 1, 64, 32, 512, 128, 2, 16, 64, 32, 256, 4, 512, 16, 64, 128, 1, 2, 512, 256, 32, 128, 8, 64, 512, 256, 2, 32, 4] ;
R = [128, 4, 32, 512, 256, 8, 128, 4, 64, 512, 256, 1, 128, 32, 8, 512, 16, 64, 128, 1, 2, 512, 256, 32, 64, 8, 128, 512, 256, 16, 1, 64, 32, 512, 128, 2, 16, 64, 32, 256, 4, 512, 16, 128, 64, 32, 256, 512, 16, 128, 2, 4] ;
R = [128, 4, 32, 512, 256, 8, 128, 4, 64, 512, 256, 1, 128, 32, 8, 512, 16, 64, 128, 1, 2, 512, 256, 32, 64, 128, 16, 512, 4, 256, 32, 64, 16, 2, 128, 512, 32, 64, 1, 16, 256, 512, 128, 8, 64, 32, 256, 512, 16, 128, 2, 4] ;
R = [128, 4, 32, 512, 256, 8, 128, 4, 64, 512, 256, 1, 128, 32, 8, 512, 16, 64, 128, 1, 2, 512, 256, 32, 128, 64, 16, 512, 4, 256, 32, 64, 16, 2, 128, 512, 32, 64, 1, 16, 256, 512, 128, 8, 64, 32, 256, 512, 16, 128, 2, 4] ;
R = [128, 4, 32, 512, 256, 8, 128, 4, 64, 512, 256, 1, 128, 32, 8, 512, 16, 64, 128, 1, 2, 512, 256, 32, 128, 64, 16, 512, 4, 256, 32, 64, 16, 2, 128, 512, 32, 64, 1, 16, 256, 512, 128, 8, 64, 32, 256, 512, 16, 128, 4, 2] ;
R = [128, 4, 32, 512, 256, 8, 128, 4, 64, 512, 256, 1, 128, 32, 8, 512, 16, 64, 128, 32, 256, 512, 2, 1, 128, 64, 16, 512, 4, 256, 32, 64, 16, 2, 128, 512, 32, 64, 1, 16, 256, 512, 128, 8, 64, 32, 256, 512, 16, 128, 2, 4] ;
R = [128, 4, 32, 512, 256, 8, 128, 4, 64, 512, 256, 1, 128, 32, 8, 512, 16, 64, 128, 32, 256, 512, 2, 1, 128, 64, 16, 512, 4, 256, 32, 64, 16, 2, 128, 512, 32, 64, 1, 16, 256, 512, 128, 8, 64, 32, 256, 512, 16, 128, 4, 2] ;
R = [128, 32, 1, 512, 256, 64, 4, 16, 128, 512, 2, 32, 64, 256, 16, 1, 512, 128, 64, 256, 32, 8, 512, 128, 64, 4, 32, 256, 16, 512, 128, 8, 64, 256, 4, 512, 128, 8, 1, 32, 256, 512, 2, 128, 16, 64, 32, 512, 256, 4, 128, 16] ;
R = [128, 32, 4, 512, 256, 16, 64, 32, 1, 512, 128, 256, 64, 32, 8, 512, 128, 16, 64, 4, 256, 32, 512, 2, 128, 64, 1, 16, 512, 256, 128, 8, 32, 1, 512, 256, 64, 4, 128, 8, 512, 256, 64, 2, 32, 16, 128, 512, 256, 2, 1, 32] ;
R = [128, 32, 4, 512, 256, 64, 16, 32, 1, 512, 128, 64, 256, 4, 8, 512, 128, 64, 16, 4, 256, 32, 512, 2, 128, 64, 1, 16, 512, 256, 128, 32, 8, 1, 512, 256, 64, 32, 2, 16, 128, 512, 256, 8, 64, 32, 128, 512, 256, 1, 2, 32] ;
R = [128, 32, 4, 512, 256, 64, 16, 32, 1, 512, 128, 64, 256, 8, 32, 512, 128, 64, 16, 4, 256, 32, 512, 2, 128, 64, 1, 16, 512, 256, 128, 8, 4, 64, 512, 256, 128, 32, 1, 8, 512, 256, 64, 2, 32, 16, 128, 512, 256, 2, 1, 32] ;
R = [128, 32, 8, 512, 16, 64, 128, 1, 2, 512, 256, 32, 64, 16, 2, 128, 512, 32, 64, 1, 16, 256, 512, 128, 8, 32, 1, 256, 512, 64, 8, 128, 4, 256, 512, 32, 64, 128, 4, 256, 16, 512, 32, 128, 1, 256, 64, 512, 4, 16, 128, 2] ;
R = [128, 32, 8, 512, 16, 64, 128, 1, 2, 512, 256, 32, 64, 16, 2, 128, 512, 32, 64, 1, 16, 256, 512, 128, 8, 32, 1, 256, 512, 64, 8, 128, 4, 256, 512, 32, 64, 128, 4, 256, 16, 512, 32, 128, 1, 256, 64, 512, 4, 128, 16, 2] ;
R = [128, 32, 8, 512, 16, 64, 128, 1, 2, 512, 256, 32, 64, 16, 2, 128, 512, 32, 64, 4, 256, 16, 512, 32, 128, 64, 1, 256, 512, 16, 128, 4, 64, 256, 512, 1, 8, 32, 128, 256, 512, 4, 8, 64, 128, 256, 512, 32, 1, 64, 16, 256] ;
R = [128, 32, 8, 512, 16, 64, 128, 1, 2, 512, 256, 32, 64, 16, 2, 128, 512, 32, 64, 4, 256, 16, 512, 32, 128, 64, 1, 256, 512, 16, 128, 4, 64, 256, 512, 1, 8, 32, 128, 256, 512, 64, 8, 4, 128, 256, 512, 32, 1, 64, 16, 256] ;
R = [128, 32, 8, 512, 16, 64, 128, 1, 2, 512, 256, 32, 128, 4, 64, 512, 256, 1, 8, 32, 128, 512, 256, 64, 1, 16, 32, 512, 128, 2, 64, 16, 32, 256, 4, 512, 8, 128, 64, 256, 4, 16, 512, 128, 64, 32, 1, 256, 512, 128, 16, 2] ;
R = [128, 32, 8, 512, 16, 64, 128, 1, 2, 512, 256, 32, 128, 4, 64, 512, 256, 1, 8, 32, 128, 512, 256, 64, 1, 16, 32, 512, 128, 2, 64, 16, 32, 256, 4, 512, 8, 128, 64, 256, 4, 16, 512, 128, 64, 32, 1, 256, 512, 128, 16, 8] ;
R = [128, 32, 8, 512, 16, 64, 128, 1, 2, 512, 256, 32, 128, 4, 64, 512, 256, 1, 8, 32, 128, 512, 256, 64, 1, 16, 32, 512, 128, 2, 64, 16, 32, 256, 4, 512, 8, 128, 64, 256, 4, 16, 512, 128, 64, 32, 1, 256, 512, 128, 16, 32] ;
R = [128, 32, 8, 512, 16, 64, 128, 1, 2, 512, 256, 32, 128, 64, 1, 512, 256, 8, 32, 128, 1, 512, 256, 16, 64, 32, 2, 128, 512, 16, 256, 32, 4, 64, 128, 512, 8, 256, 4, 64, 128, 512, 16, 32, 1, 64, 256, 512, 4, 16, 128, 2] ;
R = [128, 32, 8, 512, 16, 64, 128, 1, 2, 512, 256, 32, 128, 64, 1, 512, 256, 8, 32, 128, 1, 512, 256, 16, 64, 32, 2, 128, 512, 16, 256, 32, 4, 64, 128, 512, 16, 32, 1, 64, 256, 512, 4, 8, 128, 64, 256, 512, 4, 16, 128, 2] ;
R = [128, 32, 8, 512, 16, 64, 128, 1, 2, 512, 256, 32, 128, 64, 1, 512, 256, 8, 32, 128, 1, 512, 256, 16, 64, 32, 2, 128, 512, 16, 256, 32, 4, 64, 128, 512, 16, 32, 1, 64, 256, 512, 4, 128, 8, 64, 256, 512, 4, 16, 128, 2] ;
R = [128, 32, 8, 512, 16, 64, 128, 1, 2, 512, 256, 32, 128, 64, 1, 512, 256, 8, 32, 128, 1, 512, 256, 16, 64, 32, 2, 128, 512, 16, 256, 32, 4, 64, 128, 512, 256, 8, 4, 64, 128, 512, 16, 32, 1, 64, 256, 512, 4, 16, 128, 2] ;
R = [128, 32, 8, 512, 16, 64, 128, 4, 256, 32, 512, 2, 128, 64, 1, 16, 512, 256, 128, 8, 4, 64, 512, 256, 1, 128, 32, 64, 512, 256, 8, 1, 32, 128, 512, 16, 256, 4, 64, 32, 512, 128, 16, 2, 64, 32, 256, 512, 1, 2, 128, 8] ;
R = [128, 32, 8, 512, 16, 64, 128, 4, 256, 32, 512, 2, 128, 64, 1, 16, 512, 256, 128, 8, 4, 64, 512, 256, 128, 1, 32, 64, 512, 16, 256, 4, 32, 64, 512, 128, 16, 2, 32, 64, 256, 512, 128, 8, 32, 1, 256, 512, 2, 128, 16, 4] ;
R = [128, 32, 8, 512, 16, 64, 128, 4, 256, 32, 512, 2, 128, 64, 1, 16, 512, 256, 128, 8, 32, 1, 512, 256, 64, 4, 128, 8, 512, 256, 64, 1, 128, 32, 512, 16, 256, 4, 64, 32, 512, 128, 16, 2, 64, 32, 256, 512, 128, 1, 2, 8] ;
R = [128, 32, 8, 512, 16, 64, 128, 4, 256, 32, 512, 2, 128, 64, 1, 16, 512, 256, 128, 8, 32, 1, 512, 256, 64, 8, 128, 4, 512, 256, 64, 1, 128, 32, 512, 16, 256, 4, 64, 32, 512, 128, 16, 2, 64, 32, 256, 512, 128, 1, 2, 8] ;
R = [128, 32, 8, 512, 16, 64, 128, 4, 256, 32, 512, 2, 128, 64, 1, 16, 512, 256, 128, 8, 32, 1, 512, 256, 128, 64, 4, 8, 512, 256, 32, 64, 2, 16, 128, 512, 32, 64, 4, 256, 16, 512, 128, 32, 1, 64, 256, 512, 8, 128, 4, 1] ;
R = [128, 32, 8, 512, 16, 64, 128, 4, 256, 32, 512, 2, 128, 64, 1, 16, 512, 256, 128, 32, 1, 8, 512, 256, 64, 32, 2, 16, 128, 512, 4, 256, 64, 16, 32, 1, 512, 128, 64, 256, 8, 4, 512, 128, 64, 32, 256, 1, 512, 2, 128, 8] ;
R = [128, 32, 8, 512, 16, 64, 128, 4, 256, 32, 512, 16, 64, 128, 1, 2, 512, 256, 32, 64, 1, 16, 512, 256, 128, 8, 4, 64, 512, 256, 1, 128, 32, 64, 512, 256, 8, 1, 32, 128, 512, 16, 256, 4, 64, 32, 512, 128, 2, 16, 64, 32] ;
R = [128, 32, 8, 512, 256, 64, 1, 32, 16, 512, 128, 8, 256, 64, 4, 512, 32, 128, 256, 64, 4, 16, 512, 128, 2, 64, 32, 16, 256, 4, 512, 128, 8, 1, 32, 256, 512, 2, 128, 1, 64, 16, 512, 256, 32, 128, 1, 64, 512, 256, 4, 128] ;
R = [128, 32, 512, 4, 256, 16, 64, 32, 512, 1, 128, 256, 64, 32, 8, 512, 16, 128, 64, 4, 256, 32, 512, 2, 128, 64, 1, 16, 512, 256, 128, 8, 32, 1, 512, 256, 64, 4, 128, 8, 512, 256, 64, 2, 32, 16, 128, 512, 256, 2, 1, 32] ;
false.

?- packet_write_wait: Connection to 193.106.55.89 port 2289: Broken pipe
h-MBP-sl-Gilad:~ GiladanoN$ ssh -lcolman 193.106.55.89 -p 2289
h-MBP-sl-Gilad:~ GiladanoN$ 
