Last login: Thu Aug  8 02:55:55 on ttys012
h-MBP-sl-Gilad:~ GiladanoN$ ssh -lcolman 193.106.55.89 -p 2289
colman@193.106.55.89's password: 
Welcome to Ubuntu 16.04.4 LTS (GNU/Linux 4.4.0-116-generic ppc64le)

 * Documentation:  https://help.ubuntu.com
 * Management:     https://landscape.canonical.com
 * Support:        https://ubuntu.com/advantage
New release '18.04.2 LTS' available.
Run 'do-release-upgrade' to upgrade to it.

Last login: Thu Aug  8 00:41:07 2019 from 213.57.185.155
colman@ubuntu:~$ cd gilad_gil/iEEEHighScore/
colman@ubuntu:~/gilad_gil/iEEEHighScore$ swipl rules.pl 
Welcome to SWI-Prolog (threaded, 64 bits, version 8.1.10-59-g09a7d55)
SWI-Prolog comes with ABSOLUTELY NO WARRANTY. This is free software.
Please run ?- license. for legal details.

    CMake built from "/home/colman/gilad_gil/swipl-devel/build"

For online help and background, visit http://www.swi-prolog.org
For built-in help, use ?- help(Topic). or ?- apropos(Word).

?- set_prolog_flag(answer_write_options,[max_depth(0)]).
true.

?- runMain_N3([512|R],220).
R = [256,16,1,2,4,8,32,16,1,2,4,64,8,16,1,2,128,4,8,16,1,256,2,32,4,8,64,1,128,2,4,32,8,512,1,2,4,32,64,16,1,2,128,32,8,16,1,64,128,4,32,2,16,256,8,4,32,1,128,16,64,256,2,1,4,128,512,8,2,1,64,32,128,8,2,256,1,4,512,8,16,2,32,64,128,256,1,2,32,64,512,4,1,16,32,256,8,64,1,4,512,2,16,32,64,256,1,4,16,128,512,2,1,32,256,8,128,4,2,64,16,256,8,1,128,64,512,2,4,8,256,64,16,128,4,8,32,64,16,128,4,512,8,32,16,128,256,1,2,512,8,16,64,128,2,512,8,16,256,4,128,2,32,512,8,64,4,128,256,1,8,512,16,32,64,4,256,2,128,512,16,32,4,256,128,1,512,16,32,2,256,128,512,8,32,64,256,4,128,512,32,64,16,256,128,512,32,64,2,256,8,128,16,512,1,64,2,256,8].

?- runMain_N3([512|R],230).
R = [64,8,1,2,4,16,32,8,1,2,4,128,16,8,1,2,64,32,4,8,1,128,64,2,4,8,16,256,1,2,4,8,512,16,1,2,4,64,256,8,1,2,32,128,4,8,16,64,1,32,2,128,16,4,64,1,32,128,8,16,2,64,32,4,128,8,256,1,2,512,4,32,8,1,256,16,64,2,4,512,1,128,8,16,64,32,4,128,256,1,2,16,32,512,4,1,64,16,256,32,2,4,64,512,8,1,16,256,128,4,2,8,512,256,16,4,1,32,128,512,2,4,64,256,128,1,2,512,8,32,16,4,256,64,8,32,1,512,16,64,2,8,256,32,4,512,16,64,8,32,256,128,1,16,64,512,256,2,1,32,64,512,128,2,8,16,256,32,128,2,8,64,256,512,1,32,16,128,64,2,256,32,512,4,64,8,128,256,1,512,4,64,128,16,256,8,512,32,1,128,256,64,512,16,32,128,4,256,2,512,16,128,4,256,8,512,64,32,128,256,16,512,1,2,128,64,16,512,8].

?- runMain_N3([512|R],235).
R = [128,2,1,4,8,16,32,2,1,4,8,64,16,2,1,4,128,32,8,2,1,64,128,4,8,2,16,256,1,4,8,2,512,16,1,4,8,128,256,2,1,4,32,64,8,2,16,128,1,32,4,64,16,2,128,1,256,32,4,8,2,512,64,1,4,8,256,512,2,1,16,32,64,8,4,128,16,32,2,8,256,1,64,16,2,512,4,32,1,16,256,8,128,2,32,64,1,256,4,2,512,16,128,1,4,64,256,16,2,8,512,32,1,16,64,128,8,32,1,256,64,16,128,2,32,256,4,16,8,64,512,1,32,2,256,16,64,512,1,4,128,256,16,2,512,32,64,4,8,256,128,16,32,1,512,256,4,16,32,64,128,256,1,2,512,64,128,4,16,256,512,8,1,64,128,256,512,2,4,32,128,64,256,2,8,32,512,64,128,256,8,32,4,512,16,128,8,1,32,512,256,64,8,16,128,512,32,2,256,64,4,128,512,8,32,256,16,64,512,4,32,256,128,16,512,8,2,64,256,4,512,8,128,1].

?- runMain_N3([512|R],238).
^Z
[1]+  Stopped                 swipl rules.pl
colman@ubuntu:~/gilad_gil/iEEEHighScore$ packet_write_wait: Connection to 193.106.55.89 port 2289: Broken pipe
h-MBP-sl-Gilad:~ GiladanoN$ 
