Last login: Thu Aug  8 02:34:39 on ttys008
h-MBP-sl-Gilad:~ GiladanoN$ ssh -lcolman 193.106.55.89 -p 2289
colman@193.106.55.89's password: 
Welcome to Ubuntu 16.04.4 LTS (GNU/Linux 4.4.0-116-generic ppc64le)

 * Documentation:  https://help.ubuntu.com
 * Management:     https://landscape.canonical.com
 * Support:        https://ubuntu.com/advantage
New release '18.04.2 LTS' available.
Run 'do-release-upgrade' to upgrade to it.

Last login: Thu Aug  8 00:16:28 2019 from 213.57.185.155
colman@ubuntu:~$ cd gilad_gil/iEEEHighScore/
colman@ubuntu:~/gilad_gil/iEEEHighScore$ swipl rules.pl 
Welcome to SWI-Prolog (threaded, 64 bits, version 8.1.10-59-g09a7d55)
SWI-Prolog comes with ABSOLUTELY NO WARRANTY. This is free software.
Please run ?- license. for legal details.

    CMake built from "/home/colman/gilad_gil/swipl-devel/build"

For online help and background, visit http://www.swi-prolog.org
For built-in help, use ?- help(Topic). or ?- apropos(Word).

?- set_prolog_flag(answer_write_options,[max_depth(0)]).
true.

?- runMain_N3([16|R],230).
R = [64,512,1,2,4,8,16,32,1,2,4,8,64,16,1,2,4,128,8,16,1,2,256,4,8,16,1,512,2,4,32,8,64,1,2,128,4,32,8,1,256,2,64,4,8,128,1,256,2,4,32,16,64,1,2,128,32,8,16,1,64,128,4,32,2,16,512,1,128,4,32,16,8,64,2,128,32,16,1,64,256,2,32,4,128,512,8,1,16,32,256,2,8,4,128,512,16,2,8,64,256,32,1,4,16,512,64,2,32,128,256,1,4,64,8,512,2,1,32,64,4,512,2,128,1,64,256,8,16,4,32,512,64,8,1,128,32,256,16,2,64,4,128,256,8,16,1,512,64,32,128,4,8,256,512,1,64,16,128,256,2,1,512,8,128,32,2,256,512,4,8,16,64,128,32,4,256,16,64,128,8,512,2,256,16,4,128,512,32,256,1,64,128,512,4,256,1,16,128,512,32,8,64,256,128,2,512,16,32,8,256,128,512,16,64,4,256,1,512,32,8,4,256,64,512,2,8,32,256].

?- runMain_N3([16|R],235).
R = [64,512,1,2,4,8,16,32,1,2,4,8,64,16,1,2,4,128,8,16,1,2,256,4,8,16,1,512,2,4,32,8,64,1,2,128,4,32,8,1,256,2,64,4,8,128,1,256,2,4,32,16,64,1,2,128,32,8,16,1,64,128,4,32,2,16,512,1,128,4,32,16,8,64,2,128,32,16,1,64,256,2,32,4,128,512,8,1,16,32,256,2,8,4,128,512,16,2,8,64,256,32,1,4,16,512,64,2,32,128,256,1,4,64,8,512,2,1,32,64,4,512,2,128,1,64,256,8,16,4,32,512,64,8,1,128,32,256,16,2,64,4,128,256,8,16,1,512,64,32,128,4,8,256,512,1,64,16,128,256,2,1,512,8,128,32,2,256,512,4,8,16,64,128,32,4,256,16,64,128,8,512,2,256,16,4,128,512,32,256,1,64,128,512,4,256,1,16,128,512,32,8,64,256,128,2,512,16,32,256,128,64,512,8,4,256,32,64,512,16,128,256,8,32,512,1,4,256,64,16,512,8,32,2].

?- runMain_N3([16|R],238).
R = [32,2,1,4,8,16,32,2,1,64,4,8,16,2,128,1,4,8,16,256,2,1,4,8,512,16,2,1,4,64,128,8,2,1,32,64,128,4,2,16,32,64,8,1,4,256,32,2,8,1,512,64,4,2,8,32,128,16,1,2,64,8,256,4,16,32,1,64,128,8,16,2,256,32,1,64,4,512,16,2,32,64,128,8,4,16,32,64,128,8,256,1,2,512,4,32,8,1,128,256,4,2,8,512,128,1,4,16,32,512,8,1,64,16,256,2,4,32,64,512,8,2,16,256,64,32,1,128,512,2,4,16,256,128,1,2,64,512,16,128,1,8,256,512,4,16,32,64,256,8,1,512,32,128,4,2,256,64,1,512,4,128,256,8,16,32,512,2,1,256,128,32,4,8,512,256,64,2,32,128,512,8,16,64,256,128,1,512,16,2,256,32,128,8,512,64,4,16,256,1,512,64,32,16,256,128,4,512,2,64,256,16,128,512,32,4,64,256,128,512,32,1,16,256,8,512,128,64,2,256,8,32,512,64,16,128,4].

?- runMain_N3([16|R],240).
R = [512,128,1,2,4,8,16,32,1,2,4,8,64,16,1,2,4,128,32,8,1,2,64,128,4,8,1,16,256,2,4,8,1,512,16,2,4,8,128,256,1,2,4,32,64,8,1,16,128,2,32,4,64,16,1,128,2,256,32,4,8,1,512,64,2,4,8,256,512,1,2,16,32,64,8,4,128,16,32,1,8,256,2,64,16,1,512,4,32,2,16,256,8,128,1,32,64,2,256,4,1,512,16,128,8,2,32,64,256,16,1,8,512,32,2,16,64,128,4,32,1,256,16,128,4,2,512,8,32,64,1,256,4,128,512,2,32,1,256,16,512,64,2,4,256,16,512,8,2,64,128,16,256,4,8,32,64,512,16,1,128,32,64,256,2,512,1,128,8,64,256,2,512,128,8,32,4,256,512,16,64,8,4,256,128,512,16,2,32,256,128,512,4,64,1,256,16,128,512,64,4,32,256,16,128,8,512,64,256,32,16,128,512,4,8,64,256,1,512,32,128,64,16,8,256,32,512,2,4,64,128,256,32,8,512,1,128,4,32].

?- runMain_N3([16|R],243).
^Z
[1]+  Stopped                 swipl rules.pl
colman@ubuntu:~/gilad_gil/iEEEHighScore$ fg
swipl rules.pl
^CAction (h for help) ? exit (status 4)
colman@ubuntu:~/gilad_gil/iEEEHighScore$ swipl rules.pl 
Welcome to SWI-Prolog (threaded, 64 bits, version 8.1.10-59-g09a7d55)
SWI-Prolog comes with ABSOLUTELY NO WARRANTY. This is free software.
Please run ?- license. for legal details.

    CMake built from "/home/colman/gilad_gil/swipl-devel/build"

For online help and background, visit http://www.swi-prolog.org
For built-in help, use ?- help(Topic). or ?- apropos(Word).

?- set_prolog_flag(answer_write_options,[max_depth(0)]).
true.

?- runMain_N3([16|R],243).
^Z
[1]+  Stopped                 swipl rules.pl
colman@ubuntu:~/gilad_gil/iEEEHighScore$ fg
swipl rules.pl
^Z
[1]+  Stopped                 swipl rules.pl
colman@ubuntu:~/gilad_gil/iEEEHighScore$ packet_write_wait: Connection to 193.106.55.89 port 2289: Broken pipe
h-MBP-sl-Gilad:~ GiladanoN$ 
